%YAML:1.0
---
camera_matrix: !!opencv-matrix
   rows: 3
   cols: 3
   dt: d
   data: [ 7.3798911315555836e+02, 0., 3.1701633709644727e+02, 0.,
       7.3859249466887331e+02, 2.5881468520776701e+02, 0., 0., 1. ]
dist_coeff: !!opencv-matrix
   rows: 1
   cols: 5
   dt: d
   data: [ 4.7737019696226797e-02, -1.9473874308580427e-01,
       4.1363006566755766e-03, 4.9921542078915394e-03,
       7.7551521163243764e-02 ]
